TFluid_DEM_initial_output
48
ellipsoid_0p4.stl 0 0 0.080000 1200.000000 0.737709 0.201189 0.061460 -0.057778 -0.000018 0.010253 0.041067 0.210282 0.030637 -0.057778 -0.000018 0.010253 0.041067 0.210282 0.030637 0.928674 -0.002690 0.356105 -0.103666
ellipsoid_0p4.stl 0 0 0.080000 1200.000000 1.050353 0.187783 0.067137 -0.007284 0.000073 -0.006614 0.419755 -0.017391 -0.714491 -0.007284 0.000073 -0.006614 0.419755 -0.017391 -0.714491 0.904356 -0.144706 0.399045 0.044314
ellipsoid_0p4.stl 0 0 0.080000 1200.000000 1.359630 0.182904 0.041115 -0.034209 -0.000610 0.004509 0.007605 0.123454 0.431159 -0.034209 -0.000610 0.004509 0.007605 0.123454 0.431159 0.969573 -0.055086 0.143970 0.190175
ellipsoid_0p4.stl 0 0 0.080000 1200.000000 0.828352 0.355330 0.075247 0.020482 0.079407 0.047991 -1.431485 0.530667 0.076725 0.020482 0.079407 0.047991 -1.431485 0.530667 0.076725 0.793217 -0.270201 0.434442 0.330239
ellipsoid_0p4.stl 0 0 0.080000 1200.000000 0.993480 0.345357 0.035249 -0.001580 0.000358 -0.001137 -0.011535 -0.047980 -0.002115 -0.001580 0.000358 -0.001137 -0.011535 -0.047980 -0.002115 0.979067 0.038101 0.058650 -0.191147
ellipsoid_0p4.stl 0 0 0.080000 1200.000000 1.374944 0.332170 0.053324 -0.007512 0.003982 -0.002254 -0.083560 -0.158478 0.016069 -0.007512 0.003982 -0.002254 -0.083560 -0.158478 0.016069 0.878832 -0.127943 0.256835 0.381209
ellipsoid_0p4.stl 0 0 0.080000 1200.000000 0.936450 0.694880 0.034392 -0.000481 0.001149 0.000520 -0.043187 -0.013526 -0.001395 -0.000481 0.001149 0.000520 -0.043187 -0.013526 -0.001395 0.999144 -0.035082 -0.021333 -0.005062
ellipsoid_0p4.stl 0 0 0.080000 1200.000000 1.053273 0.575212 0.051993 0.036963 0.088554 -0.035091 0.420054 -0.509740 -1.366233 0.036963 0.088554 -0.035091 0.420054 -0.509740 -1.366233 0.957122 -0.143677 0.224537 -0.113393
ellipsoid_0p4.stl 0 0 0.080000 1200.000000 1.440031 0.646589 0.047291 -0.013668 -0.000431 0.012289 0.073689 -0.285031 0.051374 -0.013668 -0.000431 0.012289 0.073689 -0.285031 0.051374 0.975096 0.136489 -0.168676 0.045911
ellipsoid_0p4.stl 0 0 0.080000 1200.000000 0.737249 0.771207 0.078334 0.028517 0.038908 0.015325 -0.400831 0.512027 -0.382371 0.028517 0.038908 0.015325 -0.400831 0.512027 -0.382371 0.832876 -0.082378 0.547281 0.003847
ellipsoid_0p4.stl 0 0 0.080000 1200.000000 1.073052 0.739109 0.069823 0.002242 0.006378 0.002852 -0.001391 0.109925 -0.188565 0.002242 0.006378 0.002852 -0.001391 0.109925 -0.188565 0.863854 -0.064807 0.454985 0.206263
ellipsoid_0p4.stl 0 0 0.080000 1200.000000 1.511219 0.818176 0.040014 0.001938 0.000054 -0.000022 -0.012078 0.041229 -0.005954 0.001938 0.000054 -0.000022 -0.012078 0.041229 -0.005954 0.965108 0.132592 0.053529 -0.219365
ellipsoid_0p4.stl 0 0 0.080000 1200.000000 0.924704 0.185619 0.173426 -0.034921 -0.000296 -0.023243 0.084308 0.033309 -0.008449 -0.034921 -0.000296 -0.023243 0.084308 0.033309 -0.008449 0.845635 0.078460 0.522375 0.076611
ellipsoid_0p4.stl 0 0 0.080000 1200.000000 1.244840 0.258988 0.140471 0.029491 -0.110748 -0.065609 0.775065 0.877296 0.110568 0.029491 -0.110748 -0.065609 0.775065 0.877296 0.110568 0.824271 -0.322226 0.452344 -0.110148
ellipsoid_0p4.stl 0 0 0.080000 1200.000000 1.461327 0.251577 0.214553 -0.015963 0.013473 -0.015931 -0.152321 0.158879 -0.037551 -0.015963 0.013473 -0.015931 -0.152321 0.158879 -0.037551 0.901163 -0.312468 0.298897 -0.030488
ellipsoid_0p4.stl 0 0 0.080000 1200.000000 0.963078 0.521568 0.115868 0.021021 0.153861 -0.246561 -3.461763 0.935506 -0.102124 0.021021 0.153861 -0.246561 -3.461763 0.935506 -0.102124 0.696045 -0.586630 0.359505 -0.205285
ellipsoid_0p4.stl 0 0 0.080000 1200.000000 1.204247 0.389854 0.083195 0.061938 -0.029675 0.000333 -0.075118 0.261007 1.253230 0.061938 -0.029675 0.000333 -0.075118 0.261007 1.253230 0.687392 -0.534109 0.427920 0.243114
ellipsoid_0p4.stl 0 0 0.080000 1200.000000 1.470094 0.479654 0.178447 -0.004954 0.010582 -0.006176 -0.026380 -0.070111 0.030890 -0.004954 0.010582 -0.006176 -0.026380 -0.070111 0.030890 0.825971 -0.466377 0.292248 0.121879
ellipsoid_0p4.stl 0 0 0.080000 1200.000000 0.746085 0.511297 0.089594 -0.030739 0.013535 0.021299 -0.187913 -0.125975 0.405478 -0.030739 0.013535 0.021299 -0.187913 -0.125975 0.405478 0.623370 0.601023 -0.498708 0.038353
ellipsoid_0p4.stl 0 0 0.080000 1200.000000 1.200302 0.645111 0.198570 -0.008942 0.027389 0.031400 -0.087522 0.619761 -0.283081 -0.008942 0.027389 0.031400 -0.087522 0.619761 -0.283081 0.867369 -0.320724 0.380325 -0.012651
ellipsoid_0p4.stl 0 0 0.080000 1200.000000 1.325513 0.540683 0.197682 -0.029858 -0.010224 0.000439 -0.449068 -0.533258 -0.066547 -0.029858 -0.010224 0.000439 -0.449068 -0.533258 -0.066547 0.865097 0.334300 -0.371096 0.046242
ellipsoid_0p4.stl 0 0 0.080000 1200.000000 0.950428 0.816655 0.103118 0.026515 0.005580 0.000591 -0.191702 0.887824 0.250825 0.026515 0.005580 0.000591 -0.191702 0.887824 0.250825 0.779125 -0.041659 0.612390 0.127306
ellipsoid_0p4.stl 0 0 0.080000 1200.000000 1.273671 0.816054 0.117541 0.009515 0.000266 -0.006270 0.079148 -0.005223 0.120633 0.009515 0.000266 -0.006270 0.079148 -0.005223 0.120633 0.797177 0.002186 0.597594 0.085941
ellipsoid_0p4.stl 0 0 0.080000 1200.000000 1.473166 0.712934 0.224383 0.007761 0.001299 0.002394 0.154345 0.154739 -0.050192 0.007761 0.001299 0.002394 0.154345 0.154739 -0.050192 0.931330 0.306555 -0.186845 -0.061138
Nonsphere.stl 1 0 0.080000 1200.000000 0.826549 0.192770 0.125812 -0.037895 0.000134 -0.018644 -0.010483 0.391858 -0.012851 -0.037895 0.000134 -0.018644 -0.010483 0.391858 -0.012851 0.861908 0.032988 0.504751 -0.035389
Nonsphere.stl 1 0 0.080000 1200.000000 1.143117 0.220686 0.116291 0.006800 -0.104292 0.036818 0.165181 -0.428708 -1.053844 0.006800 -0.104292 0.036818 0.165181 -0.428708 -1.053844 0.819269 -0.160397 0.550162 0.019820
Nonsphere.stl 1 0 0.080000 1200.000000 1.399852 0.202782 0.139876 -0.022965 0.003694 -0.001378 -0.005529 0.174196 0.154198 -0.022965 0.003694 -0.001378 -0.005529 0.174196 0.154198 0.929763 -0.104379 0.285607 0.207543
Nonsphere.stl 1 0 0.080000 1200.000000 0.890012 0.441132 0.106345 0.018365 0.139994 -0.111803 -1.570488 0.571748 0.311491 0.018365 0.139994 -0.111803 -1.570488 0.571748 0.311491 0.723734 -0.341839 0.537438 0.265548
Nonsphere.stl 1 0 0.080000 1200.000000 1.013214 0.321412 0.140371 0.008675 -0.001599 -0.002887 -0.026750 0.282143 -0.819157 0.008675 -0.001599 -0.002887 -0.026750 0.282143 -0.819157 0.979517 0.156649 0.113239 -0.056426
Nonsphere.stl 1 0 0.080000 1200.000000 1.424954 0.394881 0.128585 -0.011727 0.011349 -0.004518 -0.154191 -0.164895 -0.178794 -0.011727 0.011349 -0.004518 -0.154191 -0.164895 -0.178794 0.795050 -0.197366 0.404162 0.406935
Nonsphere.stl 1 0 0.080000 1200.000000 0.826397 0.589050 0.078732 -0.044302 0.029507 -0.000214 -0.058615 -0.010670 0.132585 -0.044302 0.029507 -0.000214 -0.058615 -0.010670 0.132585 0.751891 0.410509 -0.513821 0.046151
Nonsphere.stl 1 0 0.080000 1200.000000 1.122776 0.602916 0.132686 0.003461 0.040567 0.009088 0.057307 -0.610090 -0.187635 0.003461 0.040567 0.009088 0.057307 -0.610090 -0.187635 0.907984 -0.143097 0.392711 0.029438
Nonsphere.stl 1 0 0.080000 1200.000000 1.388521 0.602669 0.133983 -0.023483 -0.012646 0.000595 0.035588 -0.167703 0.206864 -0.023483 -0.012646 0.000595 0.035588 -0.167703 0.206864 0.923935 0.239075 -0.295021 0.046376
Nonsphere.stl 1 0 0.080000 1200.000000 0.844188 0.786259 0.099402 0.030450 0.020776 0.014713 -0.492933 -0.178078 -0.374301 0.030450 0.020776 0.014713 -0.492933 -0.178078 -0.374301 0.735080 -0.088978 0.672095 0.005330
Nonsphere.stl 1 0 0.080000 1200.000000 1.167760 0.777462 0.110864 0.009108 0.000856 -0.008907 -0.145472 0.078257 -0.066520 0.009108 0.000856 -0.008907 -0.145472 0.078257 -0.066520 0.761588 -0.066300 0.602248 0.229969
Nonsphere.stl 1 0 0.080000 1200.000000 1.506268 0.771019 0.139032 0.006374 0.000943 0.000863 -0.003685 0.085200 -0.133338 0.006374 0.000943 0.000863 -0.003685 0.085200 -0.133338 0.961662 0.263101 -0.070663 0.031466
Nonsphere.stl 1 0 0.080000 1200.000000 1.025514 0.181310 0.210747 -0.041135 0.000224 -0.012354 0.007150 -0.223110 0.017403 -0.041135 0.000224 -0.012354 0.007150 -0.223110 0.017403 0.738101 0.101885 0.644666 0.170974
Nonsphere.stl 1 0 0.080000 1200.000000 1.313886 0.322989 0.201591 -0.033453 -0.029580 -0.019468 0.267001 0.505779 1.075920 -0.033453 -0.029580 -0.019468 0.267001 0.505779 1.075920 0.735354 -0.487156 0.468572 -0.048718
Nonsphere.stl 1 0 0.080000 1200.000000 1.519806 0.321961 0.272490 -0.002171 0.019064 -0.036403 -0.169271 0.209529 -0.048002 -0.002171 0.019064 -0.036403 -0.169271 0.209529 -0.048002 0.818225 -0.459229 0.337968 -0.073439
Nonsphere.stl 1 0 0.080000 1200.000000 1.091371 0.455334 0.173257 0.023146 -0.025554 -0.106980 -1.172806 2.594650 0.492074 0.023146 -0.025554 -0.106980 -1.172806 2.594650 0.492074 0.426839 -0.056023 0.885580 0.174405
Nonsphere.stl 1 0 0.080000 1200.000000 1.229915 0.498296 0.078071 -0.009465 -0.029426 0.002028 -0.032910 0.353513 0.718387 -0.009465 -0.029426 0.002028 -0.032910 0.353513 0.718387 0.407975 -0.524905 0.734145 0.138066
Nonsphere.stl 1 0 0.080000 1200.000000 1.521214 0.568147 0.214656 0.000118 0.005764 -0.003353 0.105283 0.055752 -0.078994 0.000118 0.005764 -0.003353 0.105283 0.055752 -0.078994 0.730295 -0.480580 0.456605 0.164999
Nonsphere.stl 1 0 0.080000 1200.000000 0.681777 0.423391 0.080009 -0.000854 -0.005618 -0.006376 0.646507 -0.506816 0.148308 -0.000854 -0.005618 -0.006376 0.646507 -0.506816 0.148308 0.449221 0.765714 -0.460280 0.005072
Nonsphere.stl 1 0 0.080000 1200.000000 1.275329 0.707370 0.246083 0.039138 -0.005085 -0.006199 0.094558 0.608789 -0.400526 0.039138 -0.005085 -0.006199 0.094558 0.608789 -0.400526 0.787200 -0.383990 0.482294 0.016150
Nonsphere.stl 1 0 0.080000 1200.000000 1.249980 0.467981 0.229845 -0.055257 0.018205 0.001769 -0.523597 -0.501408 -0.127952 -0.055257 0.018205 0.001769 -0.523597 -0.501408 -0.127952 0.759510 0.406355 -0.500514 0.086635
Nonsphere.stl 1 0 0.080000 1200.000000 1.039502 0.821178 0.187662 0.028882 0.000027 0.024128 0.001286 0.739419 -0.000369 0.028882 0.000027 0.024128 0.001286 0.739419 -0.000369 0.619968 0.237817 0.639878 0.386833
Nonsphere.stl 1 0 0.080000 1200.000000 1.368123 0.820729 0.180266 0.009916 0.000935 -0.006650 -0.131849 0.078974 0.076324 0.009916 0.000935 -0.006650 -0.131849 0.078974 0.076324 0.598470 0.143123 0.713889 0.334234
Nonsphere.stl 1 0 0.080000 1200.000000 1.415365 0.649678 0.293560 0.027962 0.010416 0.029354 0.180400 0.977227 -0.502295 0.027962 0.010416 0.029354 0.180400 0.977227 -0.502295 0.661707 0.460813 -0.043796 -0.589811
