TFluid_DEM_initial_output
96
0 0.008000 1120.000000 0.038961 0.008554 0.008154 0.000083 -0.000872 0.001211 0.186363 0.008492 0.011967 0.000083 -0.000872 0.001211 0.186363 0.008492 0.011967
0 0.010000 1120.000000 0.088561 0.032079 0.010193 -0.000877 0.011544 0.006704 -1.043161 -0.082301 -1.391768 -0.000877 0.011544 0.006704 -1.043161 -0.082301 -1.391768
0 0.007500 1120.000000 0.045722 0.027551 0.007831 0.003596 0.003840 0.003915 -0.512078 0.464345 2.260885 0.003596 0.003840 0.003915 -0.512078 0.464345 2.260885
0 0.008000 1120.000000 0.091354 0.067364 0.008220 0.032090 0.001269 0.006358 -0.120181 3.910052 -4.655506 0.032090 0.001269 0.006358 -0.120181 3.910052 -4.655506
0 0.008000 1120.000000 0.024644 0.074370 0.008243 -0.001066 -0.000386 0.003635 0.044256 -0.083227 0.161573 -0.001066 -0.000386 0.003635 0.044256 -0.083227 0.161573
0 0.010000 1120.000000 0.010373 0.050540 0.010242 -0.000665 -0.002095 0.000560 0.203125 -0.047192 -0.210708 -0.000665 -0.002095 0.000560 0.203125 -0.047192 -0.210708
0 0.007500 1120.000000 0.070623 0.066435 0.037129 -0.015253 -0.095114 -0.008429 14.950936 -0.499862 -2.868157 -0.015253 -0.095114 -0.008429 14.950936 -0.499862 -2.868157
0 0.007500 1120.000000 0.092167 0.012903 0.007696 -0.003013 0.010028 -0.003518 -1.372644 -0.459627 -1.295625 -0.003013 0.010028 -0.003518 -1.372644 -0.459627 -1.295625
0 0.007500 1120.000000 0.007603 0.092210 0.025704 -0.000085 0.000500 -0.000279 0.144998 0.070448 0.021042 -0.000085 0.000500 -0.000279 0.144998 0.070448 0.021042
0 0.008000 1120.000000 0.055252 0.063071 0.008142 0.010250 -0.004422 0.001758 0.574299 1.346167 -1.646325 0.010250 -0.004422 0.001758 0.574299 1.346167 -1.646325
0 0.010000 1120.000000 0.070884 0.048453 0.010157 0.005836 -0.000802 -0.003406 0.111080 0.566620 0.287844 0.005836 -0.000802 -0.003406 0.111080 0.566620 0.287844
0 0.008000 1120.000000 0.040538 0.071511 0.008061 0.002880 -0.000429 0.000342 -0.019412 0.565680 0.061800 0.002880 -0.000429 0.000342 -0.019412 0.565680 0.061800
0 0.010000 1120.000000 0.015285 0.089786 0.010120 -0.001354 0.000092 0.001320 -0.009922 -0.117575 -0.069263 -0.001354 0.000092 0.001320 -0.009922 -0.117575 -0.069263
0 0.008000 1120.000000 0.054669 0.088352 0.008199 -0.005923 0.005662 -0.010454 -0.708587 -0.716748 3.996644 -0.005923 0.005662 -0.010454 -0.708587 -0.716748 3.996644
0 0.007500 1120.000000 0.092247 0.061828 0.030654 -0.001999 0.001122 -0.012565 -1.455681 -1.631791 -0.145952 -0.001999 0.001122 -0.012565 -1.455681 -1.631791 -0.145952
0 0.010000 1120.000000 0.089435 0.085887 0.010294 -0.007134 0.011894 -0.007044 -1.128340 -0.671562 -1.120884 -0.007134 0.011894 -0.007044 -1.128340 -0.671562 -1.120884
0 0.007500 1120.000000 0.007631 0.012110 0.007574 -0.000385 0.000134 -0.000191 0.014957 -0.285466 0.029025 -0.000385 0.000134 -0.000191 0.014957 -0.285466 0.029025
0 0.008000 1120.000000 0.030428 0.022701 0.008146 0.000720 -0.001131 0.001597 0.173929 0.083796 -0.043037 0.000720 -0.001131 0.001597 0.173929 0.083796 -0.043037
0 0.008000 1120.000000 0.058613 0.038383 0.021898 0.008234 -0.009830 -0.003432 0.107458 0.032695 -0.031971 0.008234 -0.009830 -0.003432 0.107458 0.032695 -0.031971
0 0.010000 1120.000000 0.067838 0.027947 0.010106 0.008113 -0.002820 0.000401 0.178652 0.821444 -0.626145 0.008113 -0.002820 0.000401 0.178652 0.821444 -0.626145
0 0.008000 1120.000000 0.025410 0.039433 0.008105 0.002913 -0.001049 0.000607 0.120456 0.331531 0.046441 0.002913 -0.001049 0.000607 0.120456 0.331531 0.046441
0 0.010000 1120.000000 0.047011 0.046047 0.010145 0.003140 -0.004049 -0.001856 0.380738 0.240056 -0.029277 0.003140 -0.004049 -0.001856 0.380738 0.240056 -0.029277
0 0.007500 1120.000000 0.092265 0.073745 0.042060 0.268466 -0.054734 -0.118811 3.404221 -47.899715 16.278232 0.268466 -0.054734 -0.118811 3.404221 -47.899715 16.278232
0 0.010000 1120.000000 0.089702 0.051274 0.016740 0.010887 0.000706 -0.003683 0.430181 -0.316783 -0.089446 0.010887 0.000706 -0.003683 0.430181 -0.316783 -0.089446
0 0.008000 1120.000000 0.022731 0.008246 0.008278 0.000646 -0.000470 0.000874 0.084727 0.005684 -0.102802 0.000646 -0.000470 0.000874 0.084727 0.005684 -0.102802
0 0.008000 1120.000000 0.008361 0.072928 0.008166 -0.001292 0.000475 0.001543 -0.036339 -0.123984 0.051677 -0.001292 0.000475 0.001543 -0.036339 -0.123984 0.051677
0 0.010000 1120.000000 0.057085 0.010574 0.010382 0.000770 -0.001267 0.001209 0.104857 0.073761 -0.074561 0.000770 -0.001267 0.001209 0.104857 0.073761 -0.074561
0 0.008000 1120.000000 0.091918 0.042847 0.032823 0.008299 0.005346 0.002276 -1.522318 0.144422 -0.681715 0.008299 0.005346 0.002276 -1.522318 0.144422 -0.681715
0 0.008000 1120.000000 0.008638 0.091271 0.058176 -0.012153 0.006651 0.010947 0.862165 -1.263724 0.770574 -0.012153 0.006651 0.010947 0.862165 -1.263724 0.770574
0 0.010000 1120.000000 0.035513 0.089530 0.010164 0.002653 0.000484 0.000862 -0.045669 0.273623 0.185447 0.002653 0.000484 0.000862 -0.045669 0.273623 0.185447
0 0.008000 1120.000000 0.071351 0.091244 0.008329 0.005099 -0.015884 0.009537 1.907740 0.621545 0.592327 0.005099 -0.015884 0.009537 1.907740 0.621545 0.592327
0 0.010000 1120.000000 0.072696 0.072594 0.010229 0.014029 0.009418 0.000094 -0.895618 1.331594 0.520275 0.014029 0.009418 0.000094 -0.895618 1.331594 0.520275
0 0.008000 1120.000000 0.009732 0.032006 0.028312 0.003176 0.002260 0.001612 -0.849169 0.979984 1.647719 0.003176 0.002260 0.001612 -0.849169 0.979984 1.647719
0 0.008000 1120.000000 0.028529 0.014666 0.022165 0.004795 0.001598 0.000154 -0.283506 0.424150 0.067594 0.004795 0.001598 0.000154 -0.283506 0.424150 0.067594
0 0.008000 1120.000000 0.075602 0.011117 0.008169 0.006102 0.008724 0.003417 -1.083047 0.733682 0.902129 0.006102 0.008724 0.003417 -1.083047 0.733682 0.902129
0 0.008000 1120.000000 0.087893 0.018204 0.021759 0.011157 0.007394 0.006065 1.804342 2.604554 1.634575 0.011157 0.007394 0.006065 1.804342 2.604554 1.634575
0 0.007500 1120.000000 0.022556 0.045656 0.022110 0.006707 -0.000843 0.002144 -0.224029 0.612997 0.777219 0.006707 -0.000843 0.002144 -0.224029 0.612997 0.777219
0 0.008000 1120.000000 0.044030 0.061810 0.020405 0.003946 -0.003560 -0.008938 0.446641 0.487673 -0.785743 0.003946 -0.003560 -0.008938 0.446641 0.487673 -0.785743
0 0.007500 1120.000000 0.046452 0.046666 0.027692 0.007980 0.000823 -0.003044 -1.227669 0.227109 -0.712703 0.007980 0.000823 -0.003044 -1.227669 0.227109 -0.712703
0 0.010000 1120.000000 0.082003 0.054234 0.042862 -0.004184 -0.022441 -0.014460 0.626542 -0.653565 3.844190 -0.004184 -0.022441 -0.014460 0.626542 -0.653565 3.844190
0 0.010000 1120.000000 0.029614 0.056969 0.010188 0.002596 -0.002660 0.001088 0.248834 0.267087 0.027990 0.002596 -0.002660 0.001088 0.248834 0.267087 0.027990
0 0.010000 1120.000000 0.078595 0.089613 0.027186 -0.002119 0.004370 -0.025747 2.469339 -0.228892 -0.197949 -0.002119 0.004370 -0.025747 2.469339 -0.228892 -0.197949
0 0.010000 1120.000000 0.076292 0.036939 0.025985 0.010285 -0.002906 0.002761 -0.043755 -0.582931 0.825983 0.010285 -0.002906 0.002761 -0.043755 -0.582931 0.825983
0 0.007500 1120.000000 0.076257 0.068924 0.051085 0.079914 -0.171530 0.035871 7.674994 12.293819 2.261077 0.079914 -0.171530 0.035871 7.674994 12.293819 2.261077
0 0.010000 1120.000000 0.015327 0.089613 0.041328 0.002839 0.007567 0.008268 -0.791716 -0.182350 0.263888 0.002839 0.007567 0.008268 -0.791716 -0.182350 0.263888
0 0.008000 1120.000000 0.091466 0.089953 0.040336 -0.016640 -0.019753 -0.030815 10.957719 -3.397243 2.362883 -0.016640 -0.019753 -0.030815 10.957719 -3.397243 2.362883
0 0.008000 1120.000000 0.058446 0.054825 0.021620 0.007772 -0.009727 -0.006521 0.240097 -0.756844 0.480374 0.007772 -0.009727 -0.006521 0.240097 -0.756844 0.480374
0 0.007500 1120.000000 0.074130 0.056143 0.025820 0.002779 0.042258 -0.046786 -4.103034 1.580883 7.592153 0.002779 0.042258 -0.046786 -4.103034 1.580883 7.592153
0 0.010000 1120.000000 0.020733 0.020535 0.038605 0.001309 0.001071 -0.003402 -0.251119 0.032430 -0.310873 0.001309 0.001071 -0.003402 -0.251119 0.032430 -0.310873
0 0.007500 1120.000000 0.075822 0.036408 0.043851 0.015206 0.008845 0.001729 -1.891813 0.422740 0.388641 0.015206 0.008845 0.001729 -1.891813 0.422740 0.388641
0 0.007500 1120.000000 0.085849 0.072803 0.021995 0.062644 0.026620 0.037859 0.014088 -1.232751 1.145159 0.062644 0.026620 0.037859 0.014088 -1.232751 1.145159
0 0.008000 1120.000000 0.091699 0.008174 0.033745 0.016434 0.005252 -0.007089 -0.876792 -1.055619 -1.984971 0.016434 0.005252 -0.007089 -0.876792 -1.055619 -1.984971
0 0.007500 1120.000000 0.061647 0.092199 0.021772 -0.008972 0.011112 -0.011304 1.437325 1.219343 -1.132330 -0.008972 0.011112 -0.011304 1.437325 1.219343 -1.132330
0 0.010000 1120.000000 0.047924 0.079411 0.022533 0.016636 -0.003756 -0.007247 0.318924 1.514679 -0.126481 0.016636 -0.003756 -0.007247 0.318924 1.514679 -0.126481
0 0.010000 1120.000000 0.010309 0.010311 0.024820 -0.000508 0.000290 -0.000893 -0.007223 0.001197 0.039742 -0.000508 0.000290 -0.000893 -0.007223 0.001197 0.039742
0 0.010000 1120.000000 0.089082 0.025771 0.038275 0.024955 0.001264 0.018889 -0.117332 0.858844 1.949793 0.024955 0.001264 0.018889 -0.117332 0.858844 1.949793
0 0.010000 1120.000000 0.010405 0.029524 0.010267 -0.001798 -0.002074 0.002076 0.213134 -0.197567 -0.170590 -0.001798 -0.002074 0.002076 0.213134 -0.197567 -0.170590
0 0.008000 1120.000000 0.065365 0.076413 0.026330 -0.008655 0.024534 -0.011313 -1.847191 -4.232147 1.544422 -0.008655 0.024534 -0.011313 -1.847191 -4.232147 1.544422
0 0.010000 1120.000000 0.026224 0.039967 0.038407 0.008160 0.001538 -0.004353 0.198285 -0.274397 -0.321200 0.008160 0.001538 -0.004353 0.198285 -0.274397 -0.321200
0 0.008000 1120.000000 0.029928 0.069266 0.023417 0.003950 0.001570 -0.005718 -1.130861 0.578152 0.467159 0.003950 0.001570 -0.005718 -1.130861 0.578152 0.467159
0 0.007500 1120.000000 0.007932 0.049744 0.027645 -0.001776 -0.000483 0.000522 -0.444817 0.043853 -0.001529 -0.001776 -0.000483 0.000522 -0.444817 0.043853 -0.001529
0 0.008000 1120.000000 0.070245 0.082106 0.041676 0.008509 0.005029 -0.012657 -1.744615 3.886194 -2.789464 0.008509 0.005029 -0.012657 -1.744615 3.886194 -2.789464
0 0.010000 1120.000000 0.052936 0.065062 0.035870 0.016108 -0.016152 -0.006809 -0.180908 0.183927 -1.732397 0.016108 -0.016152 -0.006809 -0.180908 0.183927 -1.732397
0 0.007500 1120.000000 0.071673 0.018078 0.052154 -0.010570 -0.033797 0.013648 4.485458 -4.221409 -3.096132 -0.010570 -0.033797 0.013648 4.485458 -4.221409 -3.096132
0 0.010000 1120.000000 0.039852 0.025221 0.042962 0.004596 -0.008751 -0.004715 0.271840 0.037838 -0.740474 0.004596 -0.008751 -0.004715 0.271840 0.037838 -0.740474
0 0.010000 1120.000000 0.035877 0.033497 0.021641 0.005019 -0.001284 -0.001205 -0.218156 0.196990 -0.386988 0.005019 -0.001284 -0.001205 -0.218156 0.196990 -0.386988
0 0.008000 1120.000000 0.044178 0.009003 0.023422 0.003840 0.003774 0.001977 -0.555289 0.370683 0.590415 0.003840 0.003774 0.001977 -0.555289 0.370683 0.590415
0 0.008000 1120.000000 0.055658 0.060025 0.064831 -0.286940 -0.241305 -0.131153 -28.007116 -51.537532 46.414625 -0.286940 -0.241305 -0.131153 -28.007116 -51.537532 46.414625
0 0.010000 1120.000000 0.063476 0.047583 0.037431 0.005626 -0.002152 -0.003471 -0.813517 0.441454 -0.096481 0.005626 -0.002152 -0.003471 -0.813517 0.441454 -0.096481
0 0.008000 1120.000000 0.021341 0.082699 0.025623 0.002953 -0.001163 -0.003605 0.475633 0.966978 -0.046916 0.002953 -0.001163 -0.003605 0.475633 0.966978 -0.046916
0 0.008000 1120.000000 0.027451 0.084099 0.054313 0.047396 0.028658 0.013907 -5.517045 5.658223 0.446305 0.047396 0.028658 0.013907 -5.517045 5.658223 0.446305
0 0.007500 1120.000000 0.026425 0.007965 0.049912 0.012841 -0.002218 0.001131 0.120541 2.580884 -1.616977 0.012841 -0.002218 0.001131 0.120541 2.580884 -1.616977
0 0.010000 1120.000000 0.011829 0.066765 0.024863 -0.001325 -0.002284 0.000429 0.346056 0.148552 -0.094035 -0.001325 -0.002284 0.000429 0.346056 0.148552 -0.094035
0 0.008000 1120.000000 0.034228 0.008419 0.036248 0.001212 -0.001263 -0.001682 0.846479 -0.947548 0.048220 0.001212 -0.001263 -0.001682 0.846479 -0.947548 0.048220
0 0.008000 1120.000000 0.075522 0.008122 0.024022 0.015197 0.004906 0.009484 1.132064 0.497135 -1.872451 0.015197 0.004906 0.009484 1.132064 0.497135 -1.872451
0 0.008000 1120.000000 0.050677 0.025554 0.028408 0.002994 -0.010058 -0.006318 0.666908 0.280265 -0.753382 0.002994 -0.010058 -0.006318 0.666908 0.280265 -0.753382
0 0.008000 1120.000000 0.008349 0.042099 0.041258 0.002098 0.002456 -0.002569 0.317455 0.375503 0.304602 0.002098 0.002456 -0.002569 0.317455 0.375503 0.304602
0 0.010000 1120.000000 0.044168 0.032756 0.061419 0.030578 -0.040250 -0.015075 2.369016 2.838520 0.055098 0.030578 -0.040250 -0.015075 2.369016 2.838520 0.055098
0 0.010000 1120.000000 0.010427 0.073004 0.051775 0.005988 -0.000703 -0.005316 2.570638 0.515335 -0.070019 0.005988 -0.000703 -0.005316 2.570638 0.515335 -0.070019
0 0.010000 1120.000000 0.041236 0.063932 0.052773 0.024662 0.018207 -0.012971 -4.698613 4.999340 -0.219045 0.024662 0.018207 -0.012971 -4.698613 4.999340 -0.219045
0 0.010000 1120.000000 0.012476 0.030186 0.054472 -0.056932 -0.039136 -0.019824 5.251796 -8.255960 -0.401899 -0.056932 -0.039136 -0.019824 5.251796 -8.255960 -0.401899
0 0.007500 1120.000000 0.073863 0.016633 0.037082 0.026926 -0.001876 0.016963 0.455111 -1.264455 -2.099480 0.026926 -0.001876 0.016963 0.455111 -1.264455 -2.099480
0 0.008000 1120.000000 0.091866 0.041391 0.051806 -0.127759 -0.048881 -0.122057 4.617320 -14.924217 6.018431 -0.127759 -0.048881 -0.122057 4.617320 -14.924217 6.018431
0 0.010000 1120.000000 0.059649 0.029043 0.044694 0.011119 -0.005653 0.003418 0.228381 -0.739014 0.890286 0.011119 -0.005653 0.003418 0.228381 -0.739014 0.890286
0 0.010000 1120.000000 0.055604 0.010383 0.037590 0.011630 0.002512 0.001410 0.154335 0.300906 -1.138102 0.011630 0.002512 0.001410 0.154335 0.300906 -1.138102
0 0.007500 1120.000000 0.064184 0.018761 0.024632 0.011692 0.000332 0.004365 -1.318114 -1.598393 2.631020 0.011692 0.000332 0.004365 -1.318114 -1.598393 2.631020
0 0.010000 1120.000000 0.056811 0.078852 0.055646 0.095198 0.075503 0.058887 -4.233408 -3.487598 14.404490 0.095198 0.075503 0.058887 -4.233408 -3.487598 14.404490
0 0.010000 1120.000000 0.086161 0.023767 0.061679 0.100461 0.094407 -0.132163 -26.996019 17.394811 1.981624 0.100461 0.094407 -0.132163 -26.996019 17.394811 1.981624
0 0.008000 1120.000000 0.032973 0.054623 0.029681 0.011768 0.001296 -0.006362 0.356359 1.150432 -0.290891 0.011768 0.001296 -0.006362 0.356359 1.150432 -0.290891
0 0.010000 1120.000000 0.034508 0.077179 0.039043 0.011188 -0.007951 -0.005768 1.542322 -0.138472 -1.894206 0.011188 -0.007951 -0.005768 1.542322 -0.138472 -1.894206
0 0.008000 1120.000000 0.066112 0.051243 0.055033 0.127973 0.007515 -0.035230 -0.615590 15.098421 -0.881004 0.127973 0.007515 -0.035230 -0.615590 15.098421 -0.881004
0 0.008000 1120.000000 0.091405 0.011332 0.049571 -0.006607 -0.051854 0.016021 3.667858 -5.669092 -4.620508 -0.006607 -0.051854 0.016021 3.667858 -5.669092 -4.620508
0 0.010000 1120.000000 0.022728 0.059097 0.043915 0.007583 0.006508 -0.011253 -0.629357 -1.662111 -0.194286 0.007583 0.006508 -0.011253 -0.629357 -1.662111 -0.194286
0 0.008000 1120.000000 0.034688 0.091710 0.028117 0.012261 0.003284 0.002560 -0.265858 1.153016 1.506080 0.012261 0.003284 0.002560 -0.265858 1.153016 1.506080
0 0.010000 1120.000000 0.044659 0.045234 0.045145 0.007435 -0.005538 0.003916 1.471544 -0.126067 0.159212 0.007435 -0.005538 0.003916 1.471544 -0.126067 0.159212
0 0.010000 1120.000000 0.050480 0.089718 0.039651 0.022080 0.003328 0.002036 -0.204438 0.281264 2.138691 0.022080 0.003328 0.002036 -0.204438 0.281264 2.138691
